1,28,9,20,3,30,10,21,2,29,16,19,35,8,27,18,31,4,22,11,34,15,26,17,7,36,13,24,5,32,12,23,6,33,14,25,
12,1,22,29,10,7,23,28,11,8,21,30,2,13,34,27,6,9,35,24,15,18,31,20,14,3,26,33,16,5,25,36,17,4,19,32,
19,10,1,26,21,32,2,27,20,31,8,25,11,18,9,24,33,22,28,3,30,15,36,7,17,12,5,34,23,14,4,29,16,13,6,35,
32,21,26,1,10,19,25,8,31,20,27,2,22,33,24,9,18,11,7,36,15,30,3,28,14,23,34,5,12,17,35,6,13,16,29,4,
7,10,29,22,1,12,28,21,8,11,30,23,9,6,27,34,13,2,20,35,18,15,24,31,5,16,33,26,3,14,36,19,4,17,32,25,
24,3,32,9,22,1,31,16,23,2,29,10,4,25,30,33,8,21,15,34,17,26,11,28,18,5,36,13,20,7,35,14,19,6,27,12,
12,25,2,17,14,33,1,18,13,32,3,16,26,11,24,15,34,29,19,8,31,28,23,4,10,27,6,21,30,35,7,20,9,36,5,22,
25,10,29,2,23,16,30,1,24,17,28,3,11,26,9,34,15,22,8,31,18,27,4,35,19,12,33,6,21,14,32,7,20,13,36,5,
2,23,10,29,8,25,11,28,1,24,17,30,22,3,34,9,26,7,35,12,27,18,31,16,4,21,14,33,6,19,13,36,5,20,15,32,
25,8,29,10,23,2,30,17,24,1,28,11,7,26,9,34,3,22,16,31,18,27,12,35,19,6,33,14,21,4,32,15,20,5,36,13,
25,8,29,10,23,2,30,17,24,1,28,11,7,26,9,34,3,22,16,31,18,27,12,35,19,6,33,14,21,4,32,15,20,5,36,13,
1,16,31,40,3,18,21,56,30,39,2,17,42,55,4,19,15,32,41,46,53,20,57,22,38,29,48,43,58,45,54,5,33,14,37,52,47,60,23,62,28,49,34,59,44,63,6,9,13,36,51,26,11,8,61,24,50,27,12,35,64,25,10,7,
4,1,6,19,30,27,16,41,7,20,3,26,17,40,31,28,2,5,18,39,58,29,42,15,21,8,25,56,43,54,59,32,24,45,22,63,38,57,14,53,9,48,37,44,55,62,33,60,46,23,50,11,64,35,52,13,49,10,47,36,51,12,61,34,
23,20,1,16,29,34,11,14,2,17,22,35,12,15,30,33,21,24,19,28,51,32,13,10,18,3,52,59,36,39,54,31,25,62,27,50,53,58,9,38,4,49,60,63,44,37,40,55,61,26,47,6,57,42,45,8,48,5,64,43,46,7,56,41,
34,19,16,1,32,49,14,63,17,2,33,50,15,62,31,48,20,35,18,43,54,47,64,13,3,40,51,46,61,42,53,30,36,21,44,41,52,55,12,59,7,4,39,56,45,60,29,26,22,37,6,9,24,27,58,11,5,8,23,38,57,10,25,28,
63,14,49,32,1,16,19,34,48,31,62,15,50,33,2,17,13,64,47,54,43,18,35,20,30,53,42,61,46,51,40,3,59,12,55,52,41,44,21,36,26,29,60,45,56,39,4,7,11,58,27,24,9,6,37,22,28,25,10,57,38,23,8,5,
14,11,34,29,16,1,20,23,33,30,15,12,35,22,17,2,10,13,32,51,28,19,24,21,31,52,39,36,57,54,3,18,38,9,58,53,50,27,56,25,59,40,37,44,55,62,49,4,8,45,42,61,6,47,26,63,41,60,7,46,43,64,5,48,
19,16,27,30,21,6,1,4,28,31,20,17,26,3,22,7,15,18,29,40,43,24,5,2,32,39,50,25,56,41,8,23,51,14,55,42,61,44,57,46,36,33,38,49,54,47,62,9,13,52,35,60,11,64,45,58,34,37,12,53,48,59,10,63,
50,21,18,3,40,31,16,1,19,4,49,42,17,2,39,30,22,51,20,57,46,41,32,15,5,48,45,52,43,58,29,38,54,23,56,47,62,37,14,33,9,6,53,44,59,34,63,28,24,55,8,11,26,61,36,13,7,10,25,60,35,12,27,64,
22,19,2,31,24,9,4,7,1,32,23,20,3,6,25,10,18,21,34,49,30,27,8,5,33,50,43,28,35,56,11,26,44,17,54,61,48,29,36,57,51,62,47,42,55,60,39,12,16,45,64,53,14,41,58,37,63,52,15,46,59,38,13,40,
19,16,33,2,21,6,39,4,32,1,20,17,38,3,22,7,15,18,37,34,23,46,5,40,36,31,24,45,60,41,8,47,25,14,35,56,51,44,61,42,30,53,28,59,62,57,48,9,13,26,55,52,11,50,43,64,54,29,12,27,58,63,10,49,
1,20,9,14,3,10,15,2,19,24,21,8,23,4,13,16,11,6,25,18,7,22,17,12,5,
19,12,1,6,25,2,7,18,11,14,17,20,13,24,5,8,3,22,15,10,21,16,9,4,23,
3,20,9,14,1,10,15,2,19,24,21,4,23,8,13,16,11,6,25,18,5,22,17,12,7,
19,12,7,2,21,6,1,20,17,8,11,18,13,22,3,14,5,24,9,16,25,10,15,4,23,
19,2,7,16,25,8,15,18,1,6,3,20,11,24,17,14,9,22,5,12,21,4,13,10,23,
19,2,15,8,25,16,7,18,3,14,1,20,11,24,9,6,17,22,13,4,21,12,5,10,23,
19,2,13,8,25,12,7,18,3,14,17,20,1,24,9,6,11,22,15,4,21,16,5,10,23,
19,8,15,2,25,14,3,18,7,16,9,20,11,24,1,4,13,22,17,6,21,10,5,12,23,
19,8,3,14,21,2,15,20,9,4,7,18,11,22,13,16,1,24,5,10,25,6,17,12,23,
19,14,3,8,21,4,9,20,15,2,13,18,11,22,7,10,5,24,1,16,25,12,17,6,23,
1,52,27,44,3,50,39,10,5,8,26,45,2,51,38,43,4,7,40,11,53,28,55,46,73,60,49,42,9,6,56,25,72,37,58,47,82,61,12,41,29,54,57,74,83,86,59,48,81,62,24,71,36,87,76,93,84,89,78,13,35,30,75,92,85,88,77,98,63,80,70,23,68,33,94,97,90,79,14,17,31,34,21,96,91,66,19,16,99,64,22,69,32,67,20,95,100,65,18,15,
4,1,6,25,56,51,30,23,34,37,7,26,3,52,29,24,57,36,31,22,2,5,28,55,58,73,50,33,38,35,27,8,59,86,53,78,47,74,21,32,60,85,54,91,82,49,72,79,46,39,9,90,87,84,95,80,77,48,75,20,88,61,98,81,92,83,94,71,40,45,13,10,89,96,99,66,43,76,19,70,62,97,12,15,64,93,68,17,44,41,11,14,63,100,67,16,65,42,69,18,
29,48,1,20,27,46,55,18,41,44,2,21,28,47,60,19,42,45,56,17,49,30,61,26,51,54,73,58,43,40,22,3,50,65,72,59,52,79,16,57,31,64,25,62,53,78,95,74,39,80,4,23,66,71,90,75,84,81,98,15,67,32,63,24,83,94,77,96,85,38,8,5,70,89,76,91,82,99,14,97,33,68,7,10,35,88,93,12,37,86,6,9,34,69,92,11,36,87,100,13,
38,35,18,1,58,43,32,15,66,61,19,2,37,42,33,16,57,60,31,14,36,39,34,17,56,59,44,67,62,65,3,20,41,80,45,68,85,64,13,30,40,53,46,55,84,79,98,69,86,63,21,4,81,76,99,94,83,88,29,12,52,47,54,93,82,89,78,97,70,87,5,22,75,50,77,100,95,90,11,28,48,51,24,7,92,73,26,9,96,71,23,6,49,74,25,8,91,72,27,10,
3,46,5,24,1,48,67,22,61,50,6,25,2,47,90,23,62,49,68,21,45,4,95,26,63,66,87,74,51,60,28,7,44,91,98,89,64,69,20,73,43,94,27,96,65,86,75,88,59,52,8,29,78,99,92,97,70,57,72,19,79,42,93,30,83,76,85,36,53,58,12,9,82,77,100,31,56,71,18,35,41,80,11,14,39,84,33,16,37,54,10,13,40,81,32,15,38,55,34,17,
6,3,8,27,38,1,32,25,40,43,9,28,5,2,31,26,39,42,33,24,4,7,30,37,54,47,34,61,44,41,29,10,55,48,35,64,59,46,23,62,56,49,36,53,58,85,66,63,60,45,11,78,57,82,65,94,89,84,67,22,50,73,52,77,88,83,86,95,90,99,15,12,79,72,81,96,93,98,21,68,74,51,14,17,76,87,70,19,100,91,13,16,75,80,71,18,97,92,69,20,
21,18,15,48,35,38,1,42,57,40,14,49,20,37,16,47,56,39,2,43,19,22,17,34,55,36,45,74,41,58,50,13,54,31,46,73,80,59,44,3,23,30,51,72,33,90,75,82,79,60,12,53,32,93,76,81,78,87,4,83,29,24,71,52,89,94,91,84,61,86,70,11,98,27,92,77,88,95,64,5,25,28,9,68,99,96,7,66,85,62,10,69,26,97,8,67,100,63,6,65,
44,41,18,55,46,27,20,1,48,29,17,56,45,42,19,60,47,28,21,2,40,43,58,61,54,51,26,89,30,49,57,16,65,52,59,90,83,50,3,22,64,39,62,73,94,53,92,25,88,31,15,74,79,66,91,82,95,84,23,4,38,63,72,99,80,93,24,87,32,85,71,14,75,78,67,98,81,96,5,8,76,37,12,69,100,35,10,7,86,33,13,70,77,36,11,68,97,34,9,6,
37,34,23,30,51,56,25,6,1,4,22,31,36,57,24,29,52,3,26,7,35,38,33,50,71,58,55,28,5,2,32,21,70,47,90,53,72,59,8,27,39,46,91,76,49,82,89,54,73,60,20,69,48,81,92,95,74,87,84,9,45,40,77,94,75,88,83,96,61,86,68,19,66,43,80,93,98,85,10,13,41,44,17,78,99,64,15,12,97,62,18,67,42,65,16,79,100,63,14,11,
8,5,10,39,50,3,44,27,52,1,11,40,7,4,43,38,51,2,45,26,6,9,42,49,60,95,46,55,28,53,41,12,61,90,47,58,37,98,25,56,62,79,48,59,94,87,96,57,54,29,13,76,91,80,89,74,99,36,97,24,78,63,82,75,86,93,88,73,30,35,17,14,77,92,81,68,33,100,23,72,64,83,16,19,66,85,70,21,34,31,15,18,65,84,69,20,67,32,71,22,
1,24,71,66,3,26,59,64,5,28,31,56,70,67,2,25,72,65,4,27,58,55,6,29,23,84,69,110,87,60,73,80,63,30,57,32,68,109,98,85,82,115,88,61,74,47,54,7,99,22,83,134,111,86,81,116,79,62,33,48,108,131,112,97,114,139,124,89,46,75,8,53,21,100,135,142,133,96,117,78,123,52,49,34,130,107,132,113,138,125,140,51,90,45,76,9,101,20,143,136,141,118,95,122,77,50,35,44,106,129,104,119,126,137,40,93,42,91,10,13,19,102,127,144,17,94,121,38,15,12,43,36,128,105,18,103,120,39,16,41,92,37,14,11,
4,1,6,27,32,41,24,71,34,39,22,75,7,28,3,42,25,70,33,40,23,74,35,38,2,5,26,31,50,43,108,79,72,37,76,21,29,8,49,44,109,80,69,112,107,78,73,36,48,45,30,51,68,113,110,123,94,91,20,77,9,52,47,114,81,124,117,138,111,106,95,92,46,65,54,67,116,139,122,105,136,93,90,19,53,10,115,82,125,118,137,134,143,130,103,96,64,55,66,119,140,121,142,129,104,135,18,89,11,58,83,62,85,126,133,144,131,102,97,100,56,63,60,13,120,141,86,15,128,99,88,17,59,12,57,84,61,14,127,132,87,16,101,98,
25,22,1,46,33,42,19,54,35,40,17,56,2,45,24,43,20,53,34,41,18,55,36,39,23,26,21,52,47,32,79,60,87,38,57,16,50,3,44,31,78,61,134,83,80,59,88,37,27,30,51,48,131,84,81,86,139,92,15,58,4,49,28,77,62,135,142,133,82,89,112,93,29,76,63,130,73,132,85,138,111,140,91,14,64,5,74,123,106,143,136,141,90,113,94,119,75,68,105,72,129,122,127,110,137,120,13,98,6,65,124,103,126,107,144,121,114,97,118,95,69,104,67,8,71,128,101,10,109,116,99,12,66,7,70,125,102,9,108,115,100,11,96,117,
52,27,24,1,60,55,22,65,74,71,20,91,25,2,51,54,23,64,59,70,21,92,75,72,28,53,26,61,56,69,66,93,96,73,90,19,3,50,43,68,63,58,109,100,123,94,97,76,44,29,62,57,112,67,126,95,108,99,18,89,49,4,113,42,127,110,117,122,101,124,77,98,30,45,48,111,116,139,130,125,118,107,88,17,5,114,41,138,47,128,121,106,131,102,119,78,40,31,46,115,142,135,140,129,120,85,16,87,9,6,143,38,137,36,105,134,103,132,79,82,32,39,8,11,34,141,136,13,84,81,86,15,7,10,33,144,37,12,35,104,133,14,83,80,
3,28,5,36,1,56,23,66,61,58,21,72,6,35,2,27,24,67,62,57,22,71,100,59,29,4,37,68,55,26,65,70,99,60,73,20,38,7,34,25,76,69,112,63,74,105,98,101,33,30,77,54,113,64,75,108,129,102,19,104,8,39,32,81,78,115,128,111,106,109,132,97,31,80,51,114,53,122,107,140,133,130,103,18,40,9,82,79,116,137,120,127,110,141,96,131,83,50,87,52,121,118,123,136,139,134,17,92,10,41,84,117,88,45,138,119,126,93,142,95,49,86,43,12,47,124,89,14,135,144,91,16,42,11,48,85,44,13,46,125,90,15,94,143,
6,3,8,29,34,1,26,71,36,41,24,75,9,30,5,2,27,70,35,42,25,74,37,40,4,7,28,33,50,43,108,79,72,39,76,23,31,10,49,44,109,80,69,112,107,78,73,38,48,45,32,51,68,113,110,123,94,91,22,77,11,52,47,114,81,124,117,138,111,106,95,92,46,65,54,67,116,139,122,105,136,93,90,21,53,12,115,82,125,118,137,134,143,130,103,96,64,55,66,119,140,121,142,129,104,135,20,89,13,58,83,62,85,126,133,144,131,102,97,100,56,63,60,15,120,141,86,17,128,99,88,19,59,14,57,84,61,16,127,132,87,18,101,98,
33,30,3,26,41,38,1,24,51,48,19,22,4,27,32,37,2,25,40,47,20,23,52,49,31,34,29,42,39,88,45,72,77,50,21,18,28,5,36,89,44,71,80,139,46,73,76,53,35,90,43,70,93,134,87,78,81,142,17,74,6,69,92,123,108,79,138,131,140,75,54,83,91,96,105,94,135,124,133,86,143,82,141,16,68,7,122,107,126,109,130,137,132,115,84,55,97,106,95,104,121,136,125,114,85,144,15,116,8,67,100,127,110,63,120,129,118,113,56,59,101,98,65,10,103,128,111,12,61,58,117,14,66,9,102,99,64,11,62,119,112,13,60,57,
54,29,26,3,62,57,24,1,64,69,22,105,27,4,53,56,25,2,63,70,23,106,65,68,30,55,28,61,58,71,78,107,90,67,104,21,5,52,45,72,79,60,91,102,113,108,121,66,46,31,80,59,92,77,112,89,124,103,20,109,51,6,73,44,81,94,101,114,111,120,129,122,32,47,50,93,76,115,88,125,128,123,110,19,7,74,43,82,49,100,95,116,119,142,127,130,42,33,48,75,96,87,118,141,126,137,18,143,11,8,83,40,85,38,99,134,117,144,131,138,34,41,10,13,36,97,86,15,140,133,136,17,9,12,35,84,39,14,37,98,135,16,139,132,
91,20,71,74,65,22,55,60,1,24,27,52,72,75,92,21,70,59,64,23,54,51,2,25,19,90,73,96,93,66,69,56,61,26,53,28,76,97,94,119,100,109,58,63,68,43,50,3,89,18,99,108,95,120,67,112,57,62,29,44,98,77,118,101,130,113,110,121,42,127,4,49,17,88,107,114,117,122,131,128,111,48,45,30,78,115,102,141,106,129,124,47,134,41,126,5,87,16,85,116,123,140,135,132,125,46,31,40,82,79,142,103,144,105,36,137,38,133,6,9,15,86,81,84,13,136,139,34,11,8,39,32,80,83,14,143,104,35,12,37,138,33,10,7,
24,17,26,67,22,19,60,51,48,1,58,53,27,66,23,18,61,74,49,20,59,52,47,2,16,25,68,75,72,21,92,105,50,95,54,57,69,28,65,62,91,104,73,96,93,56,3,46,64,15,90,71,76,97,106,117,112,109,94,55,29,70,63,98,103,118,113,110,107,122,45,4,14,89,30,77,80,99,134,121,116,111,108,123,31,78,81,100,135,102,119,114,139,124,5,44,82,13,88,79,84,129,138,133,120,115,142,125,35,32,83,130,101,136,39,128,143,140,43,6,12,87,34,37,10,85,132,137,8,41,126,141,33,36,11,86,131,38,9,40,127,144,7,42,
1,40,81,90,3,42,77,94,5,44,73,102,7,46,69,62,9,48,51,60,82,89,2,41,92,95,4,43,76,101,6,45,72,103,8,47,68,61,10,49,39,80,91,96,153,78,93,100,129,74,109,104,123,70,111,120,63,50,59,52,88,83,154,79,98,159,152,75,108,105,128,71,110,121,124,67,112,119,64,11,155,38,97,160,157,200,99,162,151,130,107,122,127,132,141,118,125,66,53,58,84,87,156,199,176,161,158,201,106,163,150,131,142,145,126,133,140,113,12,65,37,182,85,178,207,198,175,164,173,216,143,166,149,222,139,146,117,134,57,54,86,179,206,197,204,177,208,217,202,165,172,221,144,167,148,223,138,55,114,13,183,36,181,212,209,218,203,174,215,220,227,170,281,224,303,168,147,116,135,56,180,211,196,205,230,213,238,219,228,171,280,225,302,169,282,343,304,137,14,115,35,184,231,210,237,246,229,214,279,226,301,298,283,342,367,308,347,344,305,136,232,195,236,245,234,239,278,247,300,297,284,359,366,309,348,345,368,307,350,15,185,34,233,240,261,248,287,296,285,358,299,310,341,378,365,384,349,346,369,306,194,241,250,235,244,277,260,313,294,311,360,373,364,383,354,379,370,385,16,351,33,186,243,262,249,288,295,286,361,316,357,340,377,372,395,386,353,380,333,388,242,193,254,251,276,259,314,293,312,321,374,363,398,355,382,371,394,387,352,17,187,32,263,258,267,252,289,322,315,362,317,356,339,376,399,396,381,334,389,332,192,255,190,253,264,275,268,271,292,323,320,375,326,397,338,335,390,393,18,21,31,188,257,266,29,270,273,290,27,318,327,324,25,336,329,400,23,20,331,392,256,191,30,189,274,265,28,269,272,291,26,319,328,325,24,337,330,391,22,19,
4,1,6,43,48,65,40,89,50,63,38,91,52,61,36,105,54,59,34,109,7,44,3,66,41,88,49,64,39,90,51,62,37,104,53,60,35,108,55,58,2,5,42,47,74,67,94,87,100,123,92,133,102,121,148,113,106,57,110,33,45,8,73,68,95,86,99,124,93,132,101,122,147,136,103,120,149,112,107,56,72,69,46,75,98,125,96,139,130,153,146,137,134,179,150,193,114,119,32,111,9,76,71,126,85,140,129,154,145,138,131,178,151,192,135,180,211,194,115,118,70,83,78,141,128,97,144,157,184,177,152,191,198,181,210,195,232,117,212,31,77,10,127,84,143,158,185,176,155,190,199,182,209,196,243,230,213,238,233,116,82,79,142,159,186,175,156,189,200,183,208,197,248,229,214,241,244,231,30,239,11,160,81,174,163,188,201,224,217,206,249,228,215,242,247,276,283,240,237,234,80,165,162,187,202,223,218,205,250,227,216,207,258,275,286,245,278,235,282,29,161,12,173,164,219,204,251,262,225,256,259,274,287,246,277,284,341,330,279,236,166,169,220,203,252,263,222,255,260,273,226,257,326,285,342,351,328,281,28,331,13,172,167,264,221,254,261,290,271,308,325,288,343,352,327,346,377,340,329,280,168,265,170,253,304,291,270,307,324,289,272,353,364,345,392,375,350,347,332,27,171,14,303,292,269,306,313,356,309,354,363,344,391,386,365,378,381,376,339,348,266,293,268,305,312,317,310,323,362,357,390,387,366,397,380,393,374,349,26,333,15,300,295,302,297,314,359,320,355,322,367,398,389,394,385,382,379,336,373,338,294,267,298,17,318,311,316,19,358,361,388,21,400,369,396,23,384,371,334,25,299,16,301,296,315,18,319,360,321,20,399,368,395,22,383,370,335,24,337,372,
41,38,1,70,49,66,35,78,51,64,33,94,53,62,31,112,55,60,29,126,2,69,40,67,36,77,50,65,34,95,52,63,32,113,54,61,30,125,56,59,39,42,37,76,71,48,79,96,103,88,101,114,93,90,111,124,171,58,127,28,74,3,68,47,80,97,104,87,100,115,108,89,110,123,170,91,128,189,172,57,43,46,75,72,105,86,99,116,107,102,131,122,169,92,129,188,199,174,27,190,4,73,44,81,98,117,106,157,132,121,168,109,130,187,214,175,204,191,198,173,45,82,135,118,85,156,133,120,167,158,179,186,219,176,209,202,215,200,205,26,136,5,84,145,134,119,166,159,180,223,220,177,210,213,218,255,208,203,192,197,83,144,137,150,155,160,181,226,165,178,185,224,221,254,211,216,201,256,25,206,6,151,146,161,148,227,164,183,238,225,222,253,212,217,274,257,280,207,196,193,143,138,149,154,163,182,237,228,245,184,239,242,273,258,283,304,275,194,279,24,152,7,162,147,236,229,246,261,240,243,252,259,284,303,300,281,308,305,276,195,139,142,153,230,247,262,235,244,251,260,241,272,299,282,309,302,323,278,23,306,8,231,140,263,234,249,350,287,270,297,326,285,310,301,324,381,312,307,322,277,141,264,233,248,349,288,269,250,363,286,271,298,325,388,311,330,321,380,313,22,232,9,340,289,268,351,362,353,296,327,364,389,334,329,382,387,394,331,320,375,265,290,267,348,339,354,295,358,365,390,335,328,383,398,393,332,379,374,21,314,10,341,292,345,294,359,352,361,336,357,368,397,392,333,384,395,386,317,376,319,291,266,343,12,347,338,355,14,369,366,391,16,371,396,399,18,373,378,315,20,342,11,346,293,344,13,360,337,356,15,370,367,400,17,372,385,316,19,318,377,
52,43,40,1,54,71,38,81,56,69,36,95,58,67,34,139,60,65,32,155,41,2,53,72,39,80,55,70,37,96,57,68,35,138,59,66,33,154,61,64,44,51,42,79,74,87,82,97,116,89,126,137,94,91,140,153,196,63,156,31,3,76,73,86,83,98,115,88,125,136,117,90,141,152,195,92,157,234,197,62,50,45,78,75,112,85,124,135,118,127,142,151,194,93,158,237,230,199,30,235,77,4,111,84,99,114,119,128,143,150,193,148,159,238,229,200,243,236,233,198,46,49,100,113,120,129,144,123,134,147,160,239,228,201,266,241,260,231,244,29,5,110,47,130,107,122,133,146,161,192,149,202,267,240,295,262,265,242,259,232,48,101,108,121,132,145,162,189,216,203,268,227,296,293,264,317,310,261,28,245,109,6,131,106,163,188,215,204,191,226,217,292,269,324,309,294,263,318,311,258,102,105,164,185,212,205,190,225,218,291,270,325,308,297,320,329,316,313,246,27,7,184,103,206,187,224,219,214,271,326,307,298,323,328,335,314,319,330,257,312,104,165,186,211,220,213,272,223,290,299,378,327,336,321,366,331,354,315,26,247,183,8,207,178,273,222,289,300,379,306,337,322,387,376,363,334,365,332,353,256,166,179,182,221,210,285,274,287,302,383,386,377,338,367,388,375,362,355,248,25,9,208,177,276,181,288,301,382,305,380,339,390,385,398,361,364,333,374,255,352,176,167,180,209,284,275,286,303,340,391,384,395,368,389,372,399,356,351,24,249,13,10,277,174,279,172,341,282,381,304,345,392,397,394,369,360,373,252,357,254,168,175,12,15,170,283,280,17,346,343,396,19,348,371,400,21,350,359,250,23,11,14,169,278,173,16,171,342,281,18,347,344,393,20,349,370,251,22,253,358,
3,44,5,52,1,60,39,108,105,62,37,102,89,64,35,86,69,66,33,78,6,51,2,43,40,109,106,61,38,113,104,63,36,85,88,65,34,77,70,67,45,4,53,110,59,42,117,112,107,124,101,114,103,90,99,82,87,68,79,32,54,7,50,41,118,111,134,125,122,115,136,139,100,155,84,91,98,81,76,71,49,46,119,58,133,126,121,116,135,140,123,154,137,180,97,156,83,92,31,80,8,55,48,127,120,149,132,141,162,153,138,181,178,159,220,191,96,157,72,75,47,128,57,148,131,142,163,174,151,182,177,160,219,190,179,158,221,74,93,30,56,9,130,143,164,173,150,183,176,161,152,189,194,263,218,225,192,95,222,73,129,144,165,200,147,184,175,198,209,188,195,262,217,226,193,264,295,224,29,94,10,201,146,185,172,199,210,187,196,261,216,227,302,293,320,299,326,265,296,223,145,166,205,202,211,186,197,208,215,228,303,292,319,300,331,294,321,298,327,28,204,11,212,171,206,245,214,229,304,291,260,301,332,335,322,395,330,325,266,297,167,170,203,246,213,230,207,290,259,348,305,318,339,390,333,336,323,398,27,328,12,247,168,231,244,289,258,347,306,317,340,379,334,337,394,387,396,329,324,267,169,232,249,288,257,308,283,316,341,354,349,338,391,380,389,368,399,268,397,26,248,13,256,243,284,287,352,307,346,315,382,359,378,371,386,393,388,369,366,269,233,242,285,250,309,282,313,342,353,350,355,372,381,392,377,370,367,400,25,364,14,239,236,255,286,253,310,351,314,345,358,383,360,277,374,385,376,365,270,273,237,234,241,16,251,312,281,18,343,356,279,20,373,384,361,22,275,272,363,24,240,15,238,235,254,17,252,311,280,19,344,357,278,21,276,375,362,23,274,271,
6,3,8,45,50,1,42,89,52,65,40,91,54,63,38,105,56,61,36,109,9,46,5,2,43,88,51,66,41,90,53,64,39,104,55,62,37,108,57,60,4,7,44,49,74,67,94,87,100,123,92,133,102,121,148,113,106,59,110,35,47,10,73,68,95,86,99,124,93,132,101,122,147,136,103,120,149,112,107,58,72,69,48,75,98,125,96,139,130,153,146,137,134,179,150,193,114,119,34,111,11,76,71,126,85,140,129,154,145,138,131,178,151,192,135,180,211,194,115,118,70,83,78,141,128,97,144,157,184,177,152,191,198,181,210,195,232,117,212,33,77,12,127,84,143,158,185,176,155,190,199,182,209,196,243,230,213,238,233,116,82,79,142,159,186,175,156,189,200,183,208,197,248,229,214,241,244,231,32,239,13,160,81,174,163,188,201,224,217,206,249,228,215,242,247,276,283,240,237,234,80,165,162,187,202,223,218,205,250,227,216,207,258,275,286,245,278,235,282,31,161,14,173,164,219,204,251,262,225,256,259,274,287,246,277,284,341,330,279,236,166,169,220,203,252,263,222,255,260,273,226,257,326,285,342,351,328,281,30,331,15,172,167,264,221,254,261,290,271,308,325,288,343,352,327,346,377,340,329,280,168,265,170,253,304,291,270,307,324,289,272,353,364,345,392,375,350,347,332,29,171,16,303,292,269,306,313,356,309,354,363,344,391,386,365,378,381,376,339,348,266,293,268,305,312,317,310,323,362,357,390,387,366,397,380,393,374,349,28,333,17,300,295,302,297,314,359,320,355,322,367,398,389,394,385,382,379,336,373,338,294,267,298,19,318,311,316,21,358,361,388,23,400,369,396,25,384,371,334,27,299,18,301,296,315,20,319,360,321,22,399,368,395,24,383,370,335,26,337,372,
43,40,3,48,77,38,1,144,123,80,35,120,107,82,33,104,87,84,31,96,4,47,42,39,2,143,124,79,36,145,122,81,34,103,106,83,32,95,88,85,41,44,49,76,125,78,37,146,163,154,119,166,121,108,117,100,105,86,97,30,50,5,46,73,142,147,162,155,152,167,164,193,118,175,102,109,116,99,94,89,45,72,141,126,75,156,151,168,161,192,153,174,165,202,115,176,101,110,29,98,6,51,74,157,148,169,160,191,182,173,194,201,206,179,222,203,114,177,90,93,71,140,127,170,159,150,183,172,195,190,207,180,223,204,217,178,227,92,111,28,52,7,158,149,184,171,196,189,208,181,200,205,216,273,226,221,218,113,228,91,139,70,185,128,197,188,209,270,199,214,279,272,307,224,219,274,235,230,27,112,8,53,138,187,210,269,198,213,280,271,306,215,326,277,308,225,220,275,234,229,69,186,129,266,137,212,281,268,303,286,327,278,309,312,325,276,315,236,231,26,54,9,136,211,282,267,302,285,328,305,310,341,364,335,316,313,324,233,318,237,135,68,265,130,289,284,329,304,287,344,363,334,311,340,373,336,317,314,25,232,10,55,134,283,264,301,288,345,350,333,342,365,374,367,338,371,386,323,238,319,67,260,131,290,133,330,299,332,343,362,349,368,339,372,387,384,337,320,391,24,56,11,254,259,300,263,346,351,348,359,354,375,366,377,370,395,390,385,322,239,255,66,261,132,291,252,331,298,355,352,361,378,369,398,383,388,321,394,23,392,12,57,258,253,262,61,294,347,360,297,358,353,376,247,380,399,396,389,240,243,65,256,59,14,63,292,251,16,295,356,249,18,379,382,397,20,245,242,393,22,58,13,64,257,60,15,62,293,250,17,296,357,248,19,246,381,400,21,244,241,
54,45,42,3,56,63,40,1,72,67,38,69,108,83,36,105,88,85,34,97,43,4,55,62,41,2,73,66,39,70,109,82,37,104,107,84,35,96,89,86,46,53,44,57,74,79,64,71,112,81,68,125,110,145,138,101,106,87,98,33,5,58,75,78,61,122,113,80,65,124,111,146,137,126,103,164,139,100,95,90,52,47,60,121,114,77,130,123,158,147,136,127,144,163,168,141,102,165,32,99,59,6,115,76,131,120,157,148,135,128,159,162,169,142,223,166,229,140,91,94,48,51,132,119,156,149,134,129,160,197,170,143,222,167,232,239,224,93,228,31,7,116,49,150,133,174,155,196,171,214,161,198,267,238,235,230,233,244,225,92,50,151,118,175,154,195,172,215,212,199,268,221,236,231,266,247,240,227,30,245,117,8,153,194,173,216,211,200,271,220,213,312,269,286,237,234,265,246,243,226,152,193,176,217,210,201,272,219,282,333,270,285,292,311,264,287,248,241,252,29,9,204,191,202,273,218,281,372,351,284,331,334,313,290,293,302,263,288,249,242,192,177,274,209,280,371,350,283,332,375,352,291,330,301,310,289,294,251,28,253,205,10,203,190,349,278,379,376,373,356,335,382,353,314,329,298,303,262,295,250,178,275,208,279,378,347,370,357,380,387,374,355,336,383,300,309,316,297,254,27,11,206,189,348,277,358,377,388,369,366,381,392,395,354,315,328,299,304,261,296,188,179,276,207,346,389,360,367,386,391,394,365,384,337,396,321,308,317,26,255,15,12,345,186,359,184,341,390,361,368,385,398,393,322,327,318,325,258,305,260,180,187,14,17,182,343,362,19,340,399,364,21,338,397,324,23,320,307,256,25,13,16,181,344,185,18,183,342,363,20,339,400,323,22,319,326,257,24,259,306,
5,46,7,54,3,62,41,104,1,64,39,94,91,66,37,88,71,68,35,80,8,53,4,45,42,105,2,63,40,103,92,65,38,87,90,67,36,79,72,69,47,6,55,106,61,44,123,108,133,120,95,102,93,114,97,84,89,70,81,34,56,9,52,43,124,107,134,121,128,109,146,119,96,101,86,115,98,83,78,73,51,48,125,60,135,122,127,132,145,150,129,110,147,118,113,100,85,116,33,82,10,57,50,139,126,137,144,151,130,201,148,193,196,111,208,117,232,99,74,77,49,140,59,136,143,152,131,202,149,192,197,206,209,194,231,112,257,76,233,32,58,11,142,153,138,203,158,191,200,205,210,195,230,207,268,255,234,263,258,75,141,154,169,160,157,190,227,204,211,198,229,238,289,254,235,266,269,256,31,264,12,161,156,189,226,159,212,199,228,239,290,253,236,267,288,297,272,265,262,259,155,168,163,170,213,244,225,240,291,252,237,334,295,298,343,270,285,260,273,30,162,13,188,243,224,241,292,251,302,335,294,299,342,347,296,287,344,271,284,261,167,164,171,214,245,250,303,322,293,300,333,348,339,356,381,346,365,286,29,274,14,187,166,223,242,319,248,301,336,321,338,355,382,341,364,357,390,345,366,283,165,172,215,246,249,304,323,320,325,332,349,340,363,384,359,380,367,378,275,28,186,15,222,183,318,247,326,315,328,337,354,383,360,387,368,391,358,389,282,377,173,182,185,216,305,314,317,324,331,350,329,362,369,394,385,388,379,396,27,276,16,179,176,221,184,219,308,327,316,311,370,353,386,361,398,395,392,279,376,281,177,174,181,18,217,306,313,20,309,330,351,22,399,372,393,24,397,374,277,26,180,17,178,175,220,19,218,307,312,21,310,371,352,23,400,373,278,25,280,375,
8,5,10,47,52,3,44,79,62,1,42,111,64,73,40,163,66,71,38,179,11,48,7,4,45,80,61,2,43,110,63,74,41,162,65,72,39,178,67,70,6,9,46,51,60,53,78,109,124,75,112,161,130,127,164,177,196,69,180,37,49,12,59,54,81,108,123,76,113,160,131,126,165,176,195,128,181,214,197,68,58,55,50,107,120,77,114,159,132,125,166,175,194,129,182,227,202,199,36,215,13,86,57,82,115,158,133,122,167,174,193,206,183,236,203,200,213,226,219,198,56,83,106,119,134,121,168,173,192,207,184,237,204,211,266,235,228,201,216,35,87,14,85,116,157,172,191,208,185,238,205,210,265,270,285,212,267,218,225,220,84,105,144,135,118,169,186,239,248,209,264,271,286,277,234,269,284,229,34,217,15,88,117,156,187,240,171,190,263,272,247,278,275,288,283,304,233,268,221,224,104,143,136,145,170,189,262,249,246,279,274,287,282,303,276,289,332,223,230,33,89,16,155,188,241,250,245,260,273,292,281,302,307,290,335,320,305,232,331,222,142,103,146,137,154,261,252,293,280,301,308,291,336,319,306,375,360,333,32,231,17,90,141,242,251,244,259,300,309,294,337,364,317,380,361,334,321,376,357,330,102,147,138,153,140,253,310,295,338,365,316,369,362,387,318,379,374,359,322,31,91,18,149,254,243,258,299,346,315,370,363,386,381,372,395,388,377,356,329,358,148,101,152,139,298,311,296,339,366,347,368,371,398,389,378,373,396,391,30,323,19,92,255,150,257,96,343,314,345,340,399,382,385,394,397,390,351,326,355,328,100,151,94,21,98,297,312,23,342,367,348,25,400,383,350,27,392,353,324,29,93,20,99,256,95,22,97,344,313,24,341,384,349,26,393,352,325,28,327,354,
1,18,25,62,3,20,7,60,5,26,65,2,19,76,61,4,21,8,17,24,75,66,63,22,79,6,59,72,27,64,23,80,77,58,9,40,31,16,71,74,67,48,41,78,57,28,73,30,49,70,81,56,39,10,15,32,53,68,55,36,47,42,45,52,29,34,13,50,69,44,11,38,33,14,51,54,35,12,37,46,43,
21,18,1,14,47,26,31,12,43,2,15,20,25,32,13,42,27,30,19,22,17,46,41,48,29,44,11,16,3,24,33,62,45,54,49,28,23,34,61,40,55,76,63,10,53,4,39,56,75,60,67,52,77,50,35,70,37,68,57,74,79,64,9,38,5,72,59,80,7,66,51,78,71,36,69,6,73,58,81,8,65,
3,24,5,18,1,50,47,16,43,6,19,2,51,46,17,44,69,48,25,4,23,20,55,68,49,42,15,22,7,56,59,52,45,70,67,74,57,26,21,54,71,76,73,14,41,8,35,58,77,60,53,64,75,66,27,32,29,36,63,72,79,40,13,30,9,34,61,78,11,38,65,80,33,28,31,10,37,62,81,12,39,
43,12,31,26,47,14,1,18,21,30,27,42,13,32,25,20,15,2,11,44,29,48,41,46,17,22,19,28,49,54,45,62,33,24,3,16,53,10,61,72,55,40,63,34,23,50,73,52,79,60,71,56,39,4,9,78,75,70,57,64,37,66,35,74,51,80,7,76,59,68,5,38,81,8,77,58,69,6,65,36,67,
5,50,7,20,3,54,25,18,1,8,21,4,55,52,19,2,69,26,49,6,51,22,59,68,53,24,17,40,9,60,67,56,23,70,27,74,61,48,41,58,71,76,73,16,31,10,39,62,77,66,57,30,75,28,45,42,47,36,63,72,79,32,15,38,11,44,65,78,13,34,29,80,43,46,37,12,35,64,81,14,33,
43,20,27,2,63,22,9,4,7,28,1,42,21,26,3,6,23,10,19,44,29,62,47,64,25,8,5,30,41,46,67,60,57,48,11,24,45,18,61,56,65,74,69,58,49,40,31,66,75,68,59,50,77,12,17,34,55,38,73,76,79,70,51,32,39,36,15,80,53,72,13,78,35,16,33,54,37,14,81,52,71,
5,2,7,20,63,28,25,18,61,8,21,4,1,24,19,62,29,26,3,6,23,64,57,76,27,60,17,22,9,42,51,68,65,58,75,30,43,50,67,56,79,72,77,16,59,10,41,52,71,66,69,80,31,74,47,44,49,38,55,78,73,34,15,40,11,46,53,70,13,36,81,32,45,48,39,12,37,54,33,14,35,
43,18,25,28,63,20,7,2,5,26,29,42,19,24,1,4,21,8,17,44,27,62,47,64,23,6,3,30,41,46,67,60,57,48,9,22,45,16,61,56,65,74,69,58,49,40,31,66,75,68,59,50,77,10,15,34,55,38,73,76,79,70,51,32,39,36,13,80,53,72,11,78,35,14,33,54,37,12,81,52,71,
7,4,9,22,63,2,27,20,61,10,23,6,3,26,21,62,1,28,5,8,25,64,57,76,29,60,19,24,11,42,51,68,65,58,75,30,43,50,67,56,79,72,77,18,59,12,41,52,71,66,69,80,31,74,47,44,49,38,55,78,73,34,17,40,13,46,53,70,15,36,81,32,45,48,39,14,37,54,33,16,35,
23,2,21,34,25,4,41,32,27,20,35,24,3,42,33,26,5,40,1,22,43,36,49,62,39,28,31,44,19,50,75,46,37,30,65,6,51,76,45,48,61,70,63,38,29,18,55,80,71,74,47,66,7,64,79,52,77,58,69,60,73,10,13,56,17,54,81,72,15,12,67,8,53,78,57,16,59,68,9,14,11,
1,58,51,94,3,60,89,100,5,62,85,106,7,64,81,68,9,66,77,16,11,14,50,95,2,59,92,99,4,61,88,105,6,63,84,107,8,65,80,69,10,13,76,17,57,52,93,98,129,90,101,104,125,86,113,108,121,82,115,164,67,78,117,202,15,12,96,49,130,91,102,137,128,87,112,109,124,83,114,165,120,79,116,201,70,75,18,203,53,56,97,136,131,140,103,158,147,126,111,166,161,122,163,200,207,118,243,204,71,74,48,133,54,141,138,157,146,127,110,167,160,123,228,199,208,119,246,205,238,73,242,19,55,142,135,132,145,150,139,168,159,148,227,198,209,162,269,206,237,244,247,286,239,72,134,47,144,151,180,169,156,149,226,197,210,229,268,253,236,245,270,285,250,241,20,287,143,152,179,170,155,182,225,196,211,230,267,254,235,280,271,284,251,248,319,288,309,240,46,171,154,181,214,195,212,231,266,255,234,279,272,291,252,305,320,289,308,249,318,21,153,178,173,194,183,224,263,256,233,274,265,294,281,304,283,290,307,376,321,402,315,310,172,45,184,215,258,213,232,275,264,295,278,273,292,325,306,375,322,401,314,317,22,403,177,174,193,188,223,262,257,296,301,276,293,326,303,282,323,400,377,374,427,404,311,316,44,185,176,259,216,297,300,261,364,327,302,277,324,399,378,373,426,405,442,313,428,23,175,192,187,222,189,260,363,328,299,370,365,398,379,372,425,406,453,440,429,456,443,312,186,43,190,217,346,329,298,369,366,387,380,371,424,407,452,437,430,459,454,441,24,457,191,218,343,330,221,362,345,388,381,368,397,408,415,436,431,460,439,466,463,458,455,444,42,331,220,347,344,351,382,367,386,393,414,423,410,451,438,467,462,475,472,479,464,25,219,342,335,350,355,348,361,394,389,396,409,416,435,432,461,474,471,482,465,476,445,478,332,41,338,341,352,383,354,385,358,413,392,411,422,419,450,433,468,473,480,483,26,29,339,336,39,334,349,356,37,360,395,390,35,420,417,434,33,470,481,448,31,28,477,446,40,333,340,337,38,353,384,357,36,359,412,391,34,421,418,449,32,469,484,447,30,27,
4,1,6,49,142,147,54,47,106,111,56,45,86,79,58,43,72,77,60,41,64,67,7,50,3,148,53,48,141,156,55,46,105,112,57,44,85,78,59,42,71,66,61,40,2,5,52,143,146,155,174,107,140,157,110,87,104,113,80,73,90,83,76,63,68,65,51,8,149,154,175,144,187,158,173,108,139,114,119,88,103,84,81,74,91,70,39,62,150,153,176,145,186,191,200,203,188,159,172,109,138,115,118,89,122,95,82,75,92,69,9,184,151,192,199,204,189,230,201,206,215,160,171,120,137,102,117,100,123,94,97,38,152,177,182,185,190,231,202,205,216,229,170,207,214,161,116,121,136,127,96,99,124,93,183,10,193,232,265,198,297,234,263,270,217,228,169,208,213,162,101,166,135,126,37,98,178,181,266,197,298,233,264,269,302,235,262,273,218,227,168,209,212,163,128,165,132,125,11,194,179,306,267,300,303,296,271,294,317,236,261,274,219,226,167,210,221,134,129,36,180,307,196,299,304,313,268,301,316,321,272,293,318,237,260,211,220,225,164,131,222,133,195,12,305,312,325,350,315,322,295,352,319,364,275,292,391,238,259,278,241,224,35,130,308,311,326,349,314,323,356,351,320,365,362,353,394,373,276,291,390,239,258,279,242,223,13,346,309,324,357,348,399,366,361,354,395,372,363,392,457,440,277,290,385,240,257,34,310,327,358,347,402,367,360,355,400,425,370,393,460,441,374,389,456,439,280,255,282,243,345,14,403,340,359,398,401,422,369,396,461,442,371,458,479,468,375,386,289,384,33,256,328,341,344,407,404,419,368,397,424,443,426,459,478,467,388,455,438,469,254,281,244,283,15,406,339,412,343,408,423,428,421,462,473,466,447,482,471,480,387,376,383,288,381,32,338,329,342,405,418,413,420,463,444,427,446,483,472,477,454,435,470,437,380,253,284,245,19,16,411,336,409,334,429,416,431,474,465,476,453,448,481,450,377,248,287,382,31,252,330,337,18,21,332,417,414,23,464,445,432,25,484,451,434,27,436,379,250,29,246,285,17,20,331,410,335,22,333,430,415,24,475,452,433,26,449,378,249,28,247,286,251,30,
51,48,1,44,59,56,65,42,117,130,67,40,97,90,69,38,83,88,71,36,75,78,2,45,50,55,64,43,58,129,66,41,116,131,68,39,96,89,70,37,82,77,72,35,49,52,47,60,57,128,63,118,145,134,159,98,115,132,91,84,101,94,87,74,79,76,46,3,54,127,62,119,144,135,158,149,146,133,160,99,114,95,92,85,102,81,34,73,53,124,61,120,143,136,157,150,147,166,161,184,187,214,207,100,189,106,93,86,103,80,4,121,126,137,156,151,142,165,162,183,148,213,208,185,188,113,206,111,190,105,108,33,125,138,123,152,141,164,155,220,167,212,209,186,237,240,215,242,203,194,107,110,191,104,122,5,140,171,154,225,168,163,182,219,236,211,216,243,238,205,112,271,202,193,32,109,139,172,153,226,169,180,221,232,251,210,217,244,239,248,241,272,269,204,195,296,199,192,6,227,170,179,224,231,252,181,218,235,266,249,246,273,268,291,308,297,270,201,196,31,173,178,229,262,253,222,233,276,265,250,245,274,267,290,247,298,361,292,307,198,295,200,228,7,254,223,230,277,264,283,234,275,312,289,304,299,360,309,306,395,362,293,30,197,177,174,261,278,263,284,281,338,313,288,303,300,359,310,305,394,399,366,427,396,363,294,8,255,176,285,280,337,314,287,282,339,358,311,302,393,400,367,450,397,440,365,428,29,175,260,279,336,315,286,345,340,357,348,301,392,401,368,471,398,463,442,451,426,439,364,256,9,258,319,344,341,356,349,346,387,402,369,470,405,464,459,472,449,462,441,28,429,259,318,333,316,335,350,343,388,375,370,347,404,391,474,469,482,465,460,443,452,425,438,10,257,320,351,342,355,374,371,386,403,390,475,406,479,458,473,468,483,448,461,430,27,321,332,317,334,373,352,385,376,389,414,407,418,411,476,481,478,457,466,453,444,437,424,14,11,324,331,354,329,372,381,384,379,410,413,480,417,456,467,484,447,436,433,26,431,325,322,13,16,327,382,353,18,377,408,415,20,419,412,477,22,421,454,445,24,423,434,12,15,326,323,330,17,328,383,380,19,378,409,416,21,420,455,446,23,422,435,432,25,
48,127,42,1,50,137,124,39,52,103,108,37,54,89,82,35,56,69,66,33,58,61,43,2,49,136,125,40,51,166,123,38,53,102,109,36,55,68,81,34,57,60,65,32,128,47,126,41,138,167,190,141,104,165,122,107,90,101,88,83,70,67,80,73,62,59,3,44,135,168,191,140,171,186,195,142,105,164,121,110,91,100,79,84,71,64,31,74,134,129,46,139,170,189,194,203,172,185,198,143,106,163,120,87,92,99,78,85,72,63,45,4,169,192,215,204,187,196,233,222,173,184,199,144,111,160,119,86,93,98,75,30,130,133,214,205,188,193,248,221,202,197,234,225,174,183,162,145,112,159,118,77,94,97,5,206,131,216,249,254,219,252,247,232,223,200,237,226,175,182,161,146,113,96,29,76,132,213,208,255,218,251,260,263,220,201,246,235,224,181,238,227,176,117,158,147,114,95,207,6,217,250,259,264,253,282,261,286,231,244,303,236,229,180,239,154,177,116,157,28,212,209,258,265,256,281,262,287,284,245,304,291,230,243,320,295,228,179,240,155,148,115,7,266,211,280,269,288,283,316,305,290,285,318,337,302,293,242,323,296,153,178,27,156,210,271,268,257,342,315,306,289,340,317,348,351,292,319,336,321,294,241,324,297,152,149,267,8,279,270,307,344,341,358,347,352,435,338,349,442,301,334,415,322,299,150,325,26,272,275,308,343,314,357,346,353,434,339,350,441,466,335,416,443,300,333,414,327,298,151,9,278,273,356,345,354,391,362,359,440,467,436,457,464,471,474,417,444,329,332,25,326,274,309,276,313,382,363,360,439,390,433,456,465,472,479,458,463,446,475,418,413,328,331,277,10,373,364,355,392,389,400,361,468,437,482,455,470,473,478,459,452,445,330,419,24,310,365,312,381,372,383,370,393,438,401,432,469,480,483,462,453,476,447,460,427,412,423,11,374,367,378,369,388,397,386,399,394,481,404,431,454,477,448,461,426,451,422,23,420,366,311,376,13,380,371,384,15,396,405,402,17,484,407,430,19,450,409,428,21,424,411,375,12,379,368,377,14,387,398,385,16,395,406,403,18,449,408,429,20,425,410,421,22,
3,54,5,48,1,160,69,46,121,128,71,44,101,94,73,42,87,92,75,40,79,82,6,49,2,161,68,47,122,165,70,45,120,129,72,43,100,93,74,41,86,81,76,39,55,4,53,50,195,164,159,124,157,166,127,102,119,130,95,88,105,98,91,78,83,80,52,7,196,67,162,123,194,167,182,125,156,131,136,103,118,99,96,89,106,85,38,77,59,56,51,298,197,214,163,158,193,168,181,126,155,132,135,104,139,110,97,90,107,84,8,299,58,215,66,297,198,213,218,183,192,169,180,137,154,117,134,115,140,109,112,37,57,60,307,300,315,216,219,296,199,212,179,184,191,170,133,138,153,144,111,114,141,108,308,9,314,65,306,301,318,217,220,295,200,211,178,185,190,171,116,175,152,143,36,113,61,64,309,316,319,376,305,302,323,342,221,294,201,210,177,186,189,172,145,174,149,142,10,313,62,377,310,317,322,375,354,303,324,341,222,293,202,209,176,187,204,151,146,35,63,378,311,320,381,394,403,304,343,374,353,292,325,340,223,188,203,208,173,148,205,150,312,11,380,395,404,321,382,393,474,355,344,373,352,291,326,337,224,257,230,207,34,147,379,396,405,426,399,444,471,402,383,392,479,356,345,336,339,290,327,334,225,256,229,206,12,425,398,443,430,427,400,475,482,473,384,351,372,357,346,335,338,289,258,231,226,33,397,406,431,428,445,470,449,472,401,478,391,480,385,350,365,330,347,328,333,228,255,232,424,13,442,457,448,429,446,483,476,481,416,387,366,371,358,349,332,261,288,259,32,227,407,432,423,436,459,456,469,450,461,452,477,390,369,386,331,364,329,348,243,252,233,254,14,437,458,441,468,447,460,453,484,417,388,415,278,367,370,359,262,287,260,283,244,31,433,408,435,422,455,464,467,418,451,462,277,368,389,360,263,286,363,282,251,242,253,234,18,15,438,465,440,421,454,463,276,271,414,273,266,279,362,281,250,237,284,245,30,241,409,434,17,20,411,466,419,22,413,274,269,24,361,264,267,26,285,248,239,28,235,246,16,19,410,439,420,21,412,275,270,23,272,265,268,25,280,249,238,27,236,247,240,29,
6,3,8,51,116,1,56,49,108,113,58,47,88,81,60,45,74,79,62,43,66,69,9,52,5,2,55,50,131,114,57,48,107,166,59,46,87,80,61,44,73,68,63,42,4,7,54,117,130,115,120,109,146,165,112,89,106,167,82,75,92,85,78,65,70,67,53,10,129,124,119,132,145,164,121,110,181,168,173,90,105,86,83,76,93,72,41,64,128,125,118,133,144,163,122,147,180,177,174,111,184,169,172,91,244,97,84,77,94,71,11,134,127,162,123,148,189,178,201,194,185,182,175,196,243,104,171,102,245,96,99,40,126,141,136,149,190,143,200,193,188,179,176,195,242,183,170,279,270,249,98,101,246,95,135,12,161,142,205,192,213,202,199,208,241,186,197,280,269,250,103,302,271,248,39,100,140,137,150,191,214,203,206,209,240,187,198,281,268,251,278,315,300,275,308,303,272,247,13,160,139,204,157,212,239,254,207,282,267,252,293,316,299,276,311,342,301,274,307,38,138,151,158,215,238,255,210,283,266,253,292,317,298,277,326,341,314,309,312,399,304,273,159,14,237,156,211,284,265,256,291,318,297,294,325,340,329,310,343,402,395,306,37,400,152,155,216,285,264,257,288,319,332,295,324,339,330,327,344,403,394,313,410,401,398,305,15,236,153,258,287,320,333,290,323,338,331,296,345,404,393,328,433,408,453,396,411,36,154,217,286,263,334,289,322,337,362,383,346,405,392,385,432,407,452,437,434,409,454,397,235,16,259,230,321,336,363,374,347,388,381,384,445,406,451,438,435,470,455,460,35,412,218,231,234,335,262,359,348,361,382,373,444,391,386,431,478,471,456,461,436,469,422,459,17,260,229,350,233,364,375,372,389,380,387,446,477,450,439,462,483,472,467,458,413,34,228,219,232,261,358,349,360,365,376,447,390,443,430,479,482,473,466,457,484,421,468,423,21,18,351,226,353,224,369,356,371,366,379,476,449,474,463,440,481,418,465,424,33,414,220,227,20,23,222,357,354,25,368,377,448,27,442,429,480,29,464,427,416,31,420,425,19,22,221,352,225,24,223,370,355,26,367,378,475,28,441,428,417,30,419,426,415,32,
53,50,3,46,61,58,1,44,117,130,67,42,97,90,69,40,83,88,71,38,75,78,4,47,52,57,2,45,60,129,66,43,116,131,68,41,96,89,70,39,82,77,72,37,51,54,49,62,59,128,65,118,145,134,159,98,115,132,91,84,101,94,87,74,79,76,48,5,56,127,64,119,144,135,158,149,146,133,160,99,114,95,92,85,102,81,36,73,55,124,63,120,143,136,157,150,147,166,161,184,187,214,207,100,189,106,93,86,103,80,6,121,126,137,156,151,142,165,162,183,148,213,208,185,188,113,206,111,190,105,108,35,125,138,123,152,141,164,155,220,167,212,209,186,237,240,215,242,203,194,107,110,191,104,122,7,140,171,154,225,168,163,182,219,236,211,216,243,238,205,112,271,202,193,34,109,139,172,153,226,169,180,221,232,251,210,217,244,239,248,241,272,269,204,195,296,199,192,8,227,170,179,224,231,252,181,218,235,266,249,246,273,268,291,308,297,270,201,196,33,173,178,229,262,253,222,233,276,265,250,245,274,267,290,247,298,361,292,307,198,295,200,228,9,254,223,230,277,264,283,234,275,312,289,304,299,360,309,306,395,362,293,32,197,177,174,261,278,263,284,281,338,313,288,303,300,359,310,305,394,399,366,427,396,363,294,10,255,176,285,280,337,314,287,282,339,358,311,302,393,400,367,450,397,440,365,428,31,175,260,279,336,315,286,345,340,357,348,301,392,401,368,471,398,463,442,451,426,439,364,256,11,258,319,344,341,356,349,346,387,402,369,470,405,464,459,472,449,462,441,30,429,259,318,333,316,335,350,343,388,375,370,347,404,391,474,469,482,465,460,443,452,425,438,12,257,320,351,342,355,374,371,386,403,390,475,406,479,458,473,468,483,448,461,430,29,321,332,317,334,373,352,385,376,389,414,407,418,411,476,481,478,457,466,453,444,437,424,16,13,324,331,354,329,372,381,384,379,410,413,480,417,456,467,484,447,436,433,28,431,325,322,15,18,327,382,353,20,377,408,415,22,419,412,477,24,421,454,445,26,423,434,14,17,326,323,330,19,328,383,380,21,378,409,416,23,420,455,446,25,422,435,432,27,
56,47,44,3,58,65,42,1,118,127,68,39,98,91,70,37,84,89,72,35,76,79,45,4,57,64,43,2,119,126,67,40,117,128,69,38,97,90,71,36,83,78,73,34,48,55,46,59,120,125,66,41,134,131,148,99,116,129,92,85,102,95,88,75,80,77,5,60,121,124,63,144,135,132,149,146,163,130,157,100,115,96,93,86,103,82,33,74,54,49,62,143,136,123,150,145,164,133,156,147,172,161,158,101,198,107,94,87,104,81,61,6,137,122,151,142,165,176,155,170,173,162,217,234,197,114,159,112,199,106,109,32,50,53,152,141,166,177,154,169,174,193,218,171,196,215,160,295,212,203,108,111,200,105,7,138,51,178,153,168,175,192,219,246,195,216,235,296,233,214,113,322,211,202,31,110,52,179,140,167,182,191,220,245,194,229,236,297,292,231,294,331,318,213,204,323,208,201,139,8,181,190,221,244,239,228,247,298,291,230,301,332,317,232,321,330,327,210,205,30,180,187,222,183,240,227,248,243,290,237,300,333,316,293,338,329,360,319,324,207,326,209,9,184,189,226,249,242,287,238,299,334,315,302,337,342,359,320,339,328,361,366,29,206,188,223,186,241,286,269,250,289,314,303,336,343,358,369,340,381,384,367,396,325,362,365,185,10,225,268,251,288,313,304,335,344,357,370,341,380,385,368,395,382,415,364,397,28,224,267,252,285,270,305,282,345,356,371,390,379,386,401,394,383,414,419,398,427,416,363,11,276,271,280,283,312,355,372,389,378,387,402,439,392,413,420,399,430,425,418,27,428,266,253,284,277,306,281,346,353,374,403,440,391,412,421,400,393,424,467,460,429,426,417,275,12,279,272,311,354,373,404,377,388,411,452,441,438,423,470,459,436,431,466,461,26,254,265,274,307,278,347,352,375,410,447,408,443,422,453,458,437,468,471,482,479,432,465,13,260,257,264,273,310,405,350,407,376,451,446,455,442,469,474,481,476,435,464,25,462,258,255,262,15,308,351,348,17,448,409,444,19,450,457,454,21,472,483,480,23,478,433,261,14,259,256,263,16,309,406,349,18,449,456,445,20,473,484,475,22,477,434,463,24,
5,56,7,50,3,80,71,48,1,84,143,46,87,122,115,44,89,102,99,42,91,94,8,51,4,79,70,49,2,83,160,47,86,123,144,45,88,101,114,43,90,93,98,41,57,6,55,52,81,166,161,72,85,142,159,180,139,124,121,116,103,100,113,106,95,92,54,9,78,69,162,73,82,165,192,179,140,145,158,181,138,125,112,117,104,97,40,107,61,58,53,74,167,164,193,178,141,202,191,182,217,146,157,120,137,126,111,118,105,96,10,77,60,163,68,177,168,201,194,251,216,203,190,183,218,147,156,119,136,127,108,39,59,62,75,176,169,200,195,252,215,204,263,250,219,230,189,184,135,148,155,110,133,128,76,11,170,67,196,175,214,205,262,253,280,231,264,249,220,229,154,185,134,149,38,109,63,66,197,174,213,206,199,254,279,268,261,316,281,232,265,188,221,228,153,186,129,132,12,171,64,207,198,255,212,269,260,315,278,283,266,317,248,227,234,187,222,131,150,37,65,208,173,256,211,270,259,314,277,284,267,318,335,282,233,346,245,226,235,152,223,130,172,13,210,271,258,313,276,285,330,319,336,333,352,345,396,247,236,347,244,225,36,151,209,272,257,310,275,286,329,320,337,332,353,344,395,334,357,350,397,246,237,348,241,224,14,307,274,287,312,309,338,331,354,343,394,401,356,351,398,431,358,349,374,243,238,35,273,288,311,308,339,328,321,342,393,402,355,418,399,432,469,420,373,430,359,240,361,242,306,15,324,301,322,341,392,403,390,417,400,451,466,419,436,433,474,421,370,375,34,239,289,302,305,340,327,404,389,416,443,452,439,456,437,470,473,468,435,372,429,360,369,362,16,325,300,323,304,409,442,391,440,415,450,465,472,467,434,479,426,475,422,371,376,33,299,290,303,326,405,388,413,444,453,448,455,438,457,478,471,476,423,482,425,428,363,368,20,17,406,297,408,295,410,441,414,445,458,449,464,383,460,483,480,427,366,379,32,377,291,298,19,22,293,412,387,24,447,454,385,26,459,462,477,28,381,424,481,30,367,364,18,21,292,407,296,23,294,411,386,25,446,463,384,27,382,461,484,29,380,365,378,31,
8,5,10,53,90,3,58,51,86,1,60,49,122,83,62,47,76,81,64,45,68,71,11,54,7,4,57,52,91,2,59,50,123,84,61,48,133,82,63,46,75,70,65,44,6,9,56,89,92,99,102,87,124,85,116,167,132,121,118,77,134,139,80,67,72,69,55,12,93,98,103,88,125,100,115,168,179,130,117,166,135,138,119,78,145,74,43,66,94,97,104,171,126,101,114,169,178,129,202,183,180,131,120,165,154,137,140,79,144,73,13,172,95,106,113,170,177,128,201,184,217,214,203,236,181,136,255,162,153,146,141,42,96,105,188,173,176,127,200,185,218,213,204,235,182,215,254,237,164,155,256,143,152,147,189,14,107,112,199,186,175,212,205,234,219,216,253,238,271,258,161,290,163,156,41,142,108,111,198,187,174,211,206,233,220,261,252,239,270,259,288,299,272,257,160,291,148,151,15,190,109,210,207,232,221,262,251,240,269,260,287,300,273,336,289,298,295,150,157,40,110,197,192,231,222,209,250,241,268,263,286,301,274,335,308,297,374,337,292,159,294,149,191,16,223,208,247,242,267,264,285,302,275,334,309,306,373,338,367,296,375,380,39,158,196,193,230,243,266,249,246,303,276,333,310,305,384,339,366,307,386,381,368,293,376,379,17,224,195,248,245,278,265,284,311,304,341,332,365,372,385,382,369,398,387,378,413,38,194,229,244,279,282,321,312,277,342,331,364,401,340,383,370,399,406,429,416,409,388,377,225,18,227,322,313,280,283,330,363,402,343,444,371,400,405,436,417,408,397,412,37,414,228,323,314,281,320,329,352,359,344,445,460,403,442,451,434,407,430,437,428,415,410,389,19,226,325,328,351,360,345,446,459,362,443,452,471,404,441,466,435,418,411,396,427,36,324,315,350,319,326,353,358,361,448,453,472,461,450,465,480,433,440,431,438,419,390,395,23,20,327,348,355,346,447,456,473,458,449,470,481,462,467,464,479,424,393,426,35,420,316,349,22,25,318,357,354,27,454,475,482,29,468,477,484,31,432,439,422,33,394,391,21,24,317,356,347,26,455,474,457,28,469,476,483,30,463,478,423,32,425,392,421,34,
